# Reliability parameters
ft_p (min)          λ_q (faults/km/a)         T_a^rep (min)          T_0^b (min)         T^pre (min)
   0.3                    2.6                      19.95                36.01                98,58


#Parameters of the 39-bus system lines
i      j     km  phase   R_A      R_B      R_C      X_A     X_B      X_C
1	2	1	A	0.29	0.196	0.196	1.92	0.53	0.53
1	2	1	B	0.196	0.29	0.196	0.53	1.92	0.53
1	2	1	C	0.196	0.196	0.29	0.53	0.53	1.92
2	3	0.9	A	0.4272	0.06	0.06	0.9609	0.478	0.45
2	3	0.9	B	0.06	0.4272	0.06	0.478	0.9609	0.536
2	3	0.9	C	0.06	0.06	0.4272	0.45	0.536	0.9609
3	4	0.05	A	1.084	0.06	0.06	0.998	0.478	0.45
3	4	0.05	B	0.06	1.084	0.06	0.478	0.998	0.536
3	4	0.05	C	0.06	0.06	1.084	0.45	0.536	0.998
4	5	0.1	A	0.4272	0.06	0.06	0.9609	0.478	0.45
4	5	0.1	B	0.06	0.4272	0.06	0.478	0.9609	0.536
4	5	0.1	C	0.06	0.06	0.4272	0.45	0.536	0.9609
4	6	0.04	A	0.4272	0.06	0.06	0.9609	0.478	0.45
4	6	0.04	B	0.06	0.4272	0.06	0.478	0.9609	0.536
4	6	0.04	C	0.06	0.06	0.4272	0.45	0.536	0.9609
6	7	0.2	A	0.4272	0.06	0.06	0.9609	0.478	0.45
6	7	0.2	B	0.06	0.4272	0.06	0.478	0.9609	0.536
6	7	0.2	C	0.06	0.06	0.4272	0.45	0.536	0.9609
7	8	0.2	A	0.4272	0.06	0.06	0.9609	0.478	0.45
7	8	0.2	B	0.06	0.4272	0.06	0.478	0.9609	0.536
7	8	0.2	C	0.06	0.06	0.4272	0.45	0.536	0.9609
8	9	0.2	A	0.4272	0.06	0.06	0.9609	0.478	0.45
8	9	0.2	B	0.06	0.4272	0.06	0.478	0.9609	0.536
8	9	0.2	C	0.06	0.06	0.4272	0.45	0.536	0.9609
9	10	0.01	A	0.4272	0.06	0.06	0.9609	0.478	0.45
9	10	0.01	B	0.06	0.4272	0.06	0.478	0.9609	0.536
9	10	0.01	C	0.06	0.06	0.4272	0.45	0.536	0.9609
10	11	0.05	A	0.4272	0.06	0.06	0.9609	0.478	0.45
10	11	0.05	B	0.06	0.4272	0.06	0.478	0.9609	0.536
10	11	0.05	C	0.06	0.06	0.4272	0.45	0.536	0.9609
11	12	0.1	A	1.644	0.06	0.06	1.006	0.478	0.45
11	12	0.1	B	0.06	1.644	0.06	0.478	1.006	0.536
11	12	0.1	C	0.06	0.06	1.644	0.45	0.536	1.006
12	13	0.06	A	1.644	0.06	0.06	1.006	0.478	0.45
12	13	0.06	B	0.06	1.644	0.06	0.478	1.006	0.536
12	13	0.06	C	0.06	0.06	1.644	0.45	0.536	1.006
13	14	0.03	A	1.644	0.06	0.06	1.006	0.478	0.45
13	14	0.03	B	0.06	1.644	0.06	0.478	1.006	0.536
13	14	0.03	C	0.06	0.06	1.644	0.45	0.536	1.006
14	15	0.16	A	1.644	0.06	0.06	1.006	0.478	0.45
14	15	0.16	B	0.06	1.644	0.06	0.478	1.006	0.536
14	15	0.16	C	0.06	0.06	1.644	0.45	0.536	1.006
15	16	0.03	A	1.644	0.06	0.06	1.006	0.478	0.45
15	16	0.03	B	0.06	1.644	0.06	0.478	1.006	0.536
15	16	0.03	C	0.06	0.06	1.644	0.45	0.536	1.006
13	17	0.01	A	1.644	0.06	0.06	1.006	0.478	0.45
13	17	0.01	B	0.06	1.644	0.06	0.478	1.006	0.536
13	17	0.01	C	0.06	0.06	1.644	0.45	0.536	1.006
17	18	0.02	A	1.644	0.06	0.06	1.006	0.478	0.45
17	18	0.02	B	0.06	1.644	0.06	0.478	1.006	0.536
17	18	0.02	C	0.06	0.06	1.644	0.45	0.536	1.006
18	19	0.04	A	1.644	0.06	0.06	1.006	0.478	0.45
18	19	0.04	B	0.06	1.644	0.06	0.478	1.006	0.536
18	19	0.04	C	0.06	0.06	1.644	0.45	0.536	1.006
19	20	0.04	A	1.084	0.06	0.06	0.998	0.478	0.45
19	20	0.04	B	0.06	1.084	0.06	0.478	0.998	0.536
19	20	0.04	C	0.06	0.06	1.084	0.45	0.536	0.998
20	21	0.05	A	1.084	0.06	0.06	0.998	0.478	0.45
20	21	0.05	B	0.06	1.084	0.06	0.478	0.998	0.536
20	21	0.05	C	0.06	0.06	1.084	0.45	0.536	0.998
21	22	0.15	A	1.084	0.06	0.06	0.998	0.478	0.45
21	22	0.15	B	0.06	1.084	0.06	0.478	0.998	0.536
21	22	0.15	C	0.06	0.06	1.084	0.45	0.536	0.998
20	23	0.03	A	0.4272	0.06	0.06	0.9609	0.478	0.45
20	23	0.03	B	0.06	0.4272	0.06	0.478	0.9609	0.536
20	23	0.03	C	0.06	0.06	0.4272	0.45	0.536	0.9609
12	24	0.07	A	0.4272	0.06	0.06	0.9609	0.478	0.45
12	24	0.07	B	0.06	0.4272	0.06	0.478	0.9609	0.536
12	24	0.07	C	0.06	0.06	0.4272	0.45	0.536	0.9609
24	25	0.05	A	1.644	0.06	0.06	1.006	0.478	0.45
24	25	0.05	B	0.06	1.644	0.06	0.478	1.006	0.536
24	25	0.05	C	0.06	0.06	1.644	0.45	0.536	1.006
25	26	0.02	A	1.644	0.06	0.06	1.006	0.478	0.45
25	26	0.02	B	0.06	1.644	0.06	0.478	1.006	0.536
25	26	0.02	C	0.06	0.06	1.644	0.45	0.536	1.006
26	27	0.03	A	1.644	0.06	0.06	1.006	0.478	0.45
26	27	0.03	B	0.06	1.644	0.06	0.478	1.006	0.536
26	27	0.03	C	0.06	0.06	1.644	0.45	0.536	1.006
27	28	0.06	A	1.084	0.06	0.06	0.998	0.478	0.45
27	28	0.06	B	0.06	1.084	0.06	0.478	0.998	0.536
27	28	0.06	C	0.06	0.06	1.084	0.45	0.536	0.998
28	29	0.04	A	1.084	0.06	0.06	0.998	0.478	0.45
28	29	0.04	B	0.06	1.084	0.06	0.478	0.998	0.536
28	29	0.04	C	0.06	0.06	1.084	0.45	0.536	0.998
29	30	0.02	A	1.084	0.06	0.06	0.998	0.478	0.45
29	30	0.02	B	0.06	1.084	0.06	0.478	0.998	0.536
29	30	0.02	C	0.06	0.06	1.084	0.45	0.536	0.998
30	31	0.12	A	1.084	0.06	0.06	0.998	0.478	0.45
30	31	0.12	B	0.06	1.084	0.06	0.478	0.998	0.536
30	31	0.12	C	0.06	0.06	1.084	0.45	0.536	0.998
31	32	0.3	A	1.084	0.06	0.06	0.998	0.478	0.45
31	32	0.3	B	0.06	1.084	0.06	0.478	0.998	0.536
31	32	0.3	C	0.06	0.06	1.084	0.45	0.536	0.998
30	33	0.02	A	1.084	0.06	0.06	0.998	0.478	0.45
30	33	0.02	B	0.06	1.084	0.06	0.478	0.998	0.536
30	33	0.02	C	0.06	0.06	1.084	0.45	0.536	0.998
28	34	0.02	A	1.644	0.06	0.06	1.006	0.478	0.45
28	34	0.02	B	0.06	1.644	0.06	0.478	1.006	0.536
28	34	0.02	C	0.06	0.06	1.644	0.45	0.536	1.006
34	35	0.005	A	1.644	0.06	0.06	1.006	0.478	0.45
34	35	0.005	B	0.06	1.644	0.06	0.478	1.006	0.536
34	35	0.005	C	0.06	0.06	1.644	0.45	0.536	1.006
35	36	0.025	A	1.644	0.06	0.06	1.006	0.478	0.45
35	36	0.025	B	0.06	1.644	0.06	0.478	1.006	0.536
35	36	0.025	C	0.06	0.06	1.644	0.45	0.536	1.006
25	37	0.01	A	0.4272	0.06	0.06	0.9609	0.478	0.45
25	37	0.01	B	0.06	0.4272	0.06	0.478	0.9609	0.536
25	37	0.01	C	0.06	0.06	0.4272	0.45	0.536	0.9609
37	38	0.07	A	0.4272	0.06	0.06	0.9609	0.478	0.45
37	38	0.07	B	0.06	0.4272	0.06	0.478	0.9609	0.536
37	38	0.07	C	0.06	0.06	0.4272	0.45	0.536	0.9609
38	39	0.01	A	0.4272	0.06	0.06	0.9609	0.478	0.45
38	39	0.01	B	0.06	0.4272	0.06	0.478	0.9609	0.536
38	39	0.01	C	0.06	0.06	0.4272	0.45	0.536	0.9609

